

Clusters:
0	3, 4, 5, 6, 7, 8, 9, 10, 11, 12, 13, 14, 15, 16, 17, 19, 20, 22, 23, 24, 25, 26, 27, 28, 29, 30, 31, 32, 33, 34, 36, 52, 301, 497, 
1	55, 79, 141, 173, 213, 223, 228, 247, 262, 280, 287, 293, 297, 299, 303, 304, 308, 309, 310, 311, 312, 317, 318, 322, 323, 324, 325, 326, 328, 329, 330, 331, 332, 333, 334, 335, 337, 338, 339, 340, 344, 345, 347, 348, 349, 350, 351, 352, 354, 355, 356, 358, 359, 360, 361, 362, 366, 368, 437, 482, 483, 486, 489, 490, 491, 
2	18, 21, 50, 121, 276, 343, 399, 467, 493, 
3	35, 37, 38, 39, 41, 42, 43, 46, 47, 48, 49, 51, 80, 83, 86, 104, 114, 117, 129, 162, 193, 284, 294, 295, 298, 371, 372, 404, 422, 464, 487, 500, 506, 
4	1, 40, 44, 45, 53, 54, 56, 57, 58, 59, 60, 61, 62, 63, 64, 65, 66, 67, 68, 69, 70, 71, 72, 74, 75, 76, 77, 78, 81, 82, 84, 87, 88, 89, 90, 91, 92, 93, 94, 95, 96, 97, 98, 99, 100, 101, 102, 103, 105, 106, 107, 108, 109, 110, 111, 112, 113, 115, 116, 118, 119, 120, 122, 123, 124, 126, 127, 128, 131, 132, 133, 134, 135, 136, 137, 138, 139, 140, 142, 143, 144, 145, 146, 147, 148, 149, 150, 151, 152, 153, 154, 155, 156, 157, 158, 159, 160, 161, 163, 164, 165, 166, 167, 168, 169, 170, 171, 172, 174, 175, 176, 177, 178, 179, 180, 181, 182, 183, 184, 185, 186, 187, 188, 189, 190, 191, 192, 194, 195, 196, 197, 198, 199, 200, 201, 202, 203, 204, 205, 206, 207, 208, 209, 210, 211, 212, 214, 215, 216, 217, 218, 219, 220, 221, 222, 224, 225, 226, 227, 229, 230, 231, 232, 233, 234, 235, 236, 237, 238, 239, 240, 241, 242, 243, 244, 245, 246, 248, 249, 250, 251, 252, 253, 254, 255, 256, 257, 258, 259, 260, 261, 263, 264, 265, 266, 267, 268, 269, 270, 271, 272, 273, 274, 275, 277, 278, 279, 281, 282, 283, 285, 286, 288, 289, 290, 291, 292, 296, 300, 302, 305, 306, 307, 313, 314, 315, 316, 319, 320, 321, 327, 336, 341, 342, 346, 353, 357, 363, 364, 365, 367, 369, 370, 373, 374, 375, 376, 377, 378, 379, 380, 381, 382, 383, 384, 385, 386, 387, 388, 389, 390, 391, 392, 393, 394, 395, 396, 397, 398, 400, 401, 402, 403, 405, 406, 407, 408, 409, 410, 411, 412, 413, 414, 415, 416, 417, 418, 419, 420, 421, 423, 424, 425, 426, 427, 428, 429, 430, 431, 432, 433, 434, 435, 436, 438, 439, 440, 441, 442, 443, 444, 445, 446, 447, 448, 449, 450, 451, 452, 453, 454, 455, 456, 457, 458, 459, 460, 461, 462, 463, 465, 466, 468, 469, 470, 471, 472, 473, 474, 475, 476, 477, 478, 479, 480, 481, 484, 492, 494, 495, 496, 498, 499, 503, 504, 505, 507, 
5	2, 73, 85, 125, 130, 485, 488, 501, 502, 


SSE: 19.042143471133958